15805693177
18234462201
15283197433
13986044745
13880588147
13971628832
18370431759
13602539994
15907472379
13981140896
13671555608
15800394958
13618644616
15793972830
13519546665
18001269311
15951232626
15943435501
13411160638
15019226754
13036003168
13754833337
13068660159
15200999592
13753122073
13554485904
13896087501
18674659958
13355671563
13892831170
18324420899
18356288671
13650445192
13914771986
17754161517
13538941970
18704050808
13783885126
18379150312
13781735811
15689715226
15907070993
13195083309
13919835065
15258823744
15888012580
18992787272
18926702076
13916971933
18303599313
13829163522
15243164902
18626352196
18224806634
15289311737
18668223505
13816442576
18851250167
13021207666
18507335025
13871531522
15039896879
18381008135
13844782053
15537527811
15927471946
15519721602
13766477695
13363994316
18915839238
17625918607
18234056699
18397777453
15534445257
13702996697
13530459977
18357138832
13980751248
15013412123
13989338633
15801636005
18306563670
15928829400
15527800073
15156562494
13307850137
18270348648
13994700307
13834675936
13262227218
18929135166
15975467838
13920950332
15160864112
18328419828
13404966404
13656832733
15181717692
15680115851
15602371441
13428873788
13223673967
15515543131
13974743218
15171515671
15082172190
18368110064
15182207688
15199906039
18735826826
18681059679
15902733217
15916278458
18611601007
15637303683
13991738345
13662769723
18722413601
18875537766
18754089146
18908086866
18826627221
18827033192
15991430111
13099119210
18302800516
13621713170
15970856276
18956868301
15855931211
13925163489
13753601975
13982881448
18530754494
18627039481
15089307209
15168828155
13986081861
15856031711
15826001908
18275009334
13909686855
13579701065
18296929801
15256778939
13738140834
13576379967
15388562853
13867322988
13707929619
13672852678
15968102870
13233336088
15828452508
18090081089
15834374571
15919962558
13794485297
13271818049
13550079212
18635828586
13934549295
13633909859
18053240850
15983537675
18279811881
15927267991
15643146950
15256178888
13910301121
18255103040
15237520257
15202955950
15183308655
15029262282
17671687358
18637022039
18870517325
18720186540
15184499171
13456860666
13201337263
18909673188
18142562008
13508106286
18113025230
15243029922
15152959512
13001222592
18502054328
13915122373
18656082059
13896988212
13951616335
18428374682
13896351608
13678045516
18588999969
18652910678
13992530369
15083756990
15930971952
13593325655
13733970961
13086623372
13701129494
13461163609
15656825996
17635418367
13617017381
18313981247
13908652310
18550510486
18335604770
17396919826
15173686566
13356690303
13386052079
13214165479
18886025613
18780051645
15178066667
13928417998
15056798799
15210211128
13938918557
13306350127
15112665859
15103584044
18286317379
18636739379
18770284215
13420016682
15939554426
13210211599
18790946321
13504457287
17774916330
18474363172
13835625897
13538910488
17612726530
15095381709
18668172205
15029204185
18933153589
13452893337
13886208159
13465347081
13995163622
13104913746
13527363207
13860977136
17680294606
17612894329
15929923392
18344081356
15018768404
13410287085
18902090839
13076327650
15844503609
15389020522
15983097557
13649607621
13879220789
13120307535
18156725258
15249004719
18435142209
15986702342
13805617568
15631763493
17817261243
13965758437
13856799308
17328090809
17690205803
13927498868
13072317257
18792509507
13477176915
18676070171
15607960198
15050584960
17755995188
18581762330
17546494949
15769215416
13609489352
15617465468
13012988829
15810886893
13929928444
18210489270
13996892210
13659813040
18629392386
18611755311
13389900987
15095344884
13947136766
15194155582
13961180231
18691412223
15804645757
18225418053
18829229152
13829330023
18908083666
15002037560
18623630788
13920077343
13856863380
18523076655
15223408185
13551223779
18520299093
18344012795
18011123954
13702745763
18133314915
18252712730
13609358269
13169796383
18235825132
18559108680
13535809293
15555262635
15254188976
13590670831
15309110806
13567822079
13307575629
15592772060
13970828274
13456661587
13698067228
17601236156
13808070931
18105979487
13903547377
17791028004
18228547065
13700227581
18295055671
13289278811
18279972542
13608567335
15683299975
13926077660
13940117860
13229801611
15665679935
13072117465
15801102163
18712248188
18768912503
15182748965
18679352022
15175501594
15116660221
13510228211
13617052401
13414987250
13578100889
13152202190
13837861990
16079003199
13924800805
17380669364
15279808535
13522623328
18299549113
17701768833
18068808376
18252580715
18357110565
15196666769
13013197866
15034272704
13363497018
17328528803
13420641406
18789979915
15951934929
18688899269
13389943093
18108619830
18607018277
13322815001
18890217509
15171449839
15647165431
17719353227
13675393746
13968969202
13871508304
13675884654
13974976569
18989317919
15291848710
18316872407
13656188912
13966856447
13915274994
15180081421
15034274769
18225369009
13822252820
13814450275
13205470787
13110305886
13543694583
17799508333
18632799950
13510216025
18798037917
15202214939
18800588985
15639080936
13293528244
18959712025
13838369507
13798566385
13871214192
18566281988
15882228104
13709573674
13427953710
13260147456
18655522857
15911010911
13148854702
18356047325
18790507321
17710418357
18671208993
13616146769
13086163646
13593219436
13506354575
15939583573
18203480564
15062607376
18861302266
18972752354
18883615192
18847322586
15502938776
13627274595
15543679326
13783952967
18781103240
13008079444
13539700653
13333589711
18261693840
13965760615
